31.864835   1
95.833701   1
118.163002   1
118.397668   1
120.83852   1
327.980451   1
936.955634   1
940.836655   1
989.473411   1
1167.99061   1
1168.123324   1
1168.23134   1
1172.497116   1
1172.632967   1
1174.532209   1
1174.648875   1
1174.749159   1
1482.792031   1
1740.201942   1
1743.277478   1
1747.630382   1
1776.583192   1
1784.233179   1
1868.120935   1
1876.920591   1
2194.08405   1
2207.929947   1
2219.173678   1
2220.120238   1
2226.466085   1
2288.226676   1
2290.399895   1
2290.502123   1
2290.823361   1
2309.044224   1
2428.748159   1
2498.994151   1
2499.098662   1
2499.226652   1
2530.137876   1
2532.330486   1
2663.008277   1
2724.281331   1
2940.805349   1
2960.968196   1
3125.703746   1
3127.849631   1
3395.478005   1
3408.622615   1
3531.147529   1
3859.390944   1
4033.735735   1
4087.157471   1
4122.784975   1
4524.486742   1
4583.987399   1
4625.723113   1
4673.680539   1
4673.95097   1
4674.06331   1
4713.537857   1
4730.926367   1
4739.971769   1
4740.120668   1
4841.630467   1
4842.69774   1
4954.266073   1
4954.611396   1
4981.153778   1
5222.719397   1
5313.687868   1
5572.829732   1
5623.181217   1
5698.342239   1
5827.59358   1
5864.287741   1
5974.903155   1
6088.387362   1
6148.440757   1
6181.743468   1
6304.760057   1
6347.798786   1
6489.081857   1
6571.582948   1
6580.464588   1
6731.485546   1
6734.711677   1
6826.368213   1
6851.649754   1
6909.315128   1
6909.608499   1
6960.723476   1
6990.928999   1
7001.04652   1
7003.32411   1
7012.252077   1
7027.773491   1
7031.270075   1
7032.154031   1
7084.914491   1
7176.314819   1
7189.098981   1
7189.251467   1
7494.249035   1
7616.793739   1
7834.425772   1
7874.176075   1
8207.504442   1
8239.762332   1
8385.030186   1
8385.136683   1
8451.686295   1
8451.967696   1
8452.068152   1
8454.148654   1
8519.07885   1
8525.415869   1
8528.384361   1
8587.877984   1
8591.306991   1
8591.468169   1
8591.571751   1
8591.77216   1
8593.727821   1
8595.333183   1
8595.547398   1
8686.697808   1
8761.046376   1
8799.748457   1
8799.888072   1
8960.720295   1
9081.862127   1
9120.593406   1
9501.669814   1
9548.913599   1
9569.313689   1
9927.935818   1
10474.211338   1
10765.377045   1
10885.182926   1
10951.704626   1
11029.436463   1
11043.056479   1
11043.337809   1
11184.880516   1
11184.981152   1
11185.199917   1
11185.361447   1
11185.465262   1
11208.433641   1
11208.943952   1
11415.071279   1
11417.805553   1
11675.124414   1
11707.021601   1
11732.960872   1
12031.953967   1
12038.948234   1
12211.53657   1
12293.148279   1
12440.670614   1
12440.772478   1
12441.087102   1
12579.504715   1
12580.61501   1
12580.740238   1
12580.89914   1
12647.441552   1
12651.151986   1
12703.891587   1
12724.457797   1
12730.52268   1
12732.811427   1
12777.864882   1
12778.237368   1
12806.224274   1
12852.403111   1
12911.089863   1
12948.705207   1
12969.955742   1
12993.639107   1
13006.241927   1
13038.939562   1
13061.54037   1
13069.68077   1
13084.296953   1
13092.837821   1
13112.838424   1
13173.473031   1
13174.002701   1
13388.238498   1
13391.784813   1
13393.368019   1
13394.889456   1
13410.036822   1
13411.234377   1
13412.6554   1
13426.200491   1
13568.050782   1
13568.262126   1
13590.834227   1
13636.930399   1
13642.146345   1
13649.046739   1
13655.113518   1
13763.00267   1
13910.208709   1
13942.80581   1
13953.904551   1
14059.21159   1
14059.500076   1
14081.530044   1
14086.116912   1
14115.880482   1
14116.360582   1
14118.457985   1
14191.395498   1
14324.297891   1
14341.173556   1
14351.134431   1
14353.092449   1
14362.023173   1
