31.864835   38.9382133888284    40    100.0
95.833701   39.02831125926849    40    99.76285239844206
118.163002   39.05976128479366    40    99.68033003666676
118.397668   39.06009180350044    40    99.67946348753446
120.83852   39.06352965664699    40    99.67045104371259
327.980451   39.35528169211294    40    98.91135036711174
426.403917   39.4939076400535    39    96.02255817943832
936.955634   40.2130015575732    39    94.25670892874548
940.836655   40.218467837485576    39    94.24352744004995
989.473411   40.286970976820804    39    94.078640998964
1167.99061   40.53840609631831    39    93.47821531620869
1168.123324   40.53859301926263    39    93.47777171585903
1168.23134   40.538745155953215    39    93.47741067230213
1172.497116   40.54475334958563    39    93.46315447938701
1172.632967   40.54494469088278    39    93.46270053573659
1174.532209   40.54761970562589    39    93.45635470169582
1174.648875   40.54778402553353    39    93.45596491922885
1174.749159   40.54792527197737    39    93.45562987173992
1482.792031   40.98179269072214    39    92.4373619663361
1740.201942   41.34434538645499    40    94.02156792868797
1743.277478   41.348677169420505    41    96.42988939551341
1747.630382   41.35480807973913    41    96.41518926500876
1776.583192   41.39558708189084    41    96.31752394096914
1784.233179   41.4063618162373    42    98.70683850144702
1822.122708   41.45972786894923    41    96.16429611206553
1868.120935   41.52451473412079    41    96.01000539053007
1876.920591   41.53690873632501    41    95.98054376619045
2194.08405   41.983622177162204    42    97.31216018385611
2207.929947   42.003123630166435    42    97.26571349408532
2219.173678   42.018960024997966    42    97.2280276086588
2220.120238   42.020293221059994    42    97.22485629692379
2226.466085   42.02923112064444    42    97.20360065438729
2288.226676   42.11621871436263    42    96.99720250912614
2290.399895   42.11927961595654    42    96.98995534076089
2290.502123   42.11942360045518    42    96.98961446064021
2290.823361   42.11987605274196    42    96.98854330501173
2309.044224   42.14553948960639    43    99.30055452810997
2309.356253   42.14597897134452    42    96.92678503401348
2428.748159   42.31413822053902    42    96.53075474424833
2498.994151   42.413077199481556    42    96.29921186411055
2499.098662   42.413224399504415    42    96.29886818265852
2499.226652   42.41340466886291    42    96.2984472944322
2530.137876   42.45694202741319    43    98.55222949266822
2532.330486   42.46003024054027    44    100.90001935652263
2554.400437   42.49111498082341    43    98.47077704640563
2663.008277   42.6440852569746    44    100.45275814787288
2724.281331   42.730386172184836    45    102.5846252700694
2859.044439   42.920195212174505    44    99.78899329779631
2940.805349   43.03535254318369    44    99.51467346108635
2960.968196   43.06375119537661    45    101.7693882930446
3125.703746   43.29577535289063    45    101.20938789070543
3127.849631   43.29879775551864    45    101.20213278953959
3303.879825   43.546730017012166    44    98.31403194591712
3395.478005   43.675742792605035    45    100.30517004298038
3408.622615   43.6942565078359    45    100.26151429441505
3509.190401   43.83590265415769    44    97.64749478168197
3531.147529   43.866828487261884    45    99.85635836064554
3625.21051   43.99931284731521    44    97.27471189072385
3859.390944   44.32914765167357    44    96.53064174054668
4033.735735   44.57470608304272    45    98.22726506597911
4087.157471   44.64994869636047    45    98.05714053834109
4122.784975   44.70012876738902    46    100.18113111335981
4486.507391   45.212418841640535    45    96.8033260518614
4524.486742   45.265911405441756    45    96.68570720538362
4538.521769   45.285679241317865    44    94.43410862455121
4551.419837   45.30384571091874    44    94.3951478791505
4583.987399   45.34971596257563    45    96.50199656596152
4625.723113   45.40849922993411    46    98.57577142724817
4673.680539   45.476045557148794    46    98.42530495813719
4673.95097   45.47642644958483    46    98.42445774797446
4674.06331   45.47658467647547    46    98.42410581176381
4713.537857   45.53218317061303    46    98.30059227862219
4730.926367   45.556674267909116    47    100.44134835119817
4739.971769   45.569414394605666    47    100.41250497163038
4740.120668   45.5696241135463    47    100.41203030727556
4816.955045   45.677842598211804    46    97.97843171773854
4839.992358   45.71028983343342    45    95.71925531926883
4841.630467   45.71259705164249    45    95.71428652158295
4842.69774   45.71410026766758    46    97.8985583572229
4954.266073   45.87124029281436    46    97.55384827146418
4954.611396   45.87172666796621    46    97.55278500126889
4980.422308   45.90808041863792    45    95.29510966617583
4981.153778   45.909110668092254    46    97.47112683305016
5115.761409   46.098700724262486    45    94.8897842321344
5222.719397   46.24934724260716    46    96.73401337328171
5313.687868   46.37747309549145    47    98.61545464741012
5336.74345   46.409946061949185    46    96.38983505464797
5572.829732   46.742465185366484    47    97.82411556500405
5623.181217   46.81338345945308    47    97.67178944803483
5698.116836   46.91892761107224    46    95.31460664699975
5698.342239   46.919245083173294    47    97.44526485336269
5827.59358   47.101290995564895    47    97.05810085783544
5847.0085   47.12863621920486    46    94.87835092161745
5864.287741   47.15297341500447    46    94.82797367687418
5974.903155   47.3087712876641    47    96.62047776691013
6085.295341   47.46425475163275    46    94.18818704124462
6088.387362   47.46860975313389    47    96.28595091903138
6148.440757   47.55319282206304    47    96.10983642377191
6179.60673   47.59708898551064    46    93.91771599038141
6181.743468   47.60009850491479    47    96.01244161985716
6304.760057   47.773362991074414    48    97.74755052178189
6347.798786   47.833981508672466    48    97.62022243796682
6349.230534   47.83599807475958    47    95.52551634766414
6398.719672   47.905701763796614    46    93.2951231283554
6426.700618   47.94511193010313    45    91.13047614462879
6489.081857   48.03297368443397    45    90.95879263878618
6571.582948   48.14917353403087    45    90.73269825819973
6580.464588   48.161683007780425    46    92.78476255629332
6731.485546   48.37439065070819    47    94.43199674327052
6734.711677   48.37893454136996    48    96.48988664448667
6826.368213   48.50802950931132    49    98.28735439293428
6851.649754   48.54363765977539    49    98.21325757701995
6909.315128   48.62485728614068    49    98.0446541452034
6909.608499   48.62527048875005    49    98.04379781992276
6960.723476   48.697264114137965    49    97.89481934258914
6990.928999   48.739807517953025    49    97.80698993737069
7001.04652   48.75405768609315    49    97.77760522174587
7003.32411   48.757265590524895    49    97.77099269573745
7012.252077   48.769840314204686    49    97.74508052148767
7027.773491   48.791701673254245    49    97.70006358482009
7031.270075   48.79662648733825    49    97.68992796862543
7032.154031   48.79787150789502    49    97.68736595211205
7084.914491   48.872182737508496    50    99.58083767713228
7176.314819   49.00091684560298    50    99.31205721847715
7189.098981   49.01892288265796    50    99.27457544136793
7189.251467   49.01913765376039    50    99.27412853512669
7303.421898   49.179942641304294    49    96.90726391906246
7494.249035   49.448715870235375    50    98.38801051163887
7616.793739   49.62131572317182    50    98.03629855533988
7834.425772   49.92784269385234    50    97.41767333604956
7874.176075   49.983829580498856    50    97.3055014573715
8207.504442   50.45331071877593    50    96.3746744911211
8239.762332   50.49874480844528    50    96.28551212559886
8385.030186   50.70334940920219    50    95.88596485649525
8385.136683   50.70349940643535    50    95.8856731281228
8451.686295   50.7972321657407    50    95.70370998788496
8451.967696   50.7976285090312    50    95.70294199352942
8452.068152   50.79776999773092    50    95.70266783379247
8454.148654   50.800700310731095    50    95.69699017003018
8519.07885   50.892152180252396    50    95.52012509773186
8525.415869   50.90107764591312    50    95.50289756460937
8528.384361   50.90525866121545    50    95.49482963434319
8587.877984   50.98905331121074    51    97.29461885941514
8591.306991   50.99388294549602    51    97.28514581899123
8591.468169   50.99410995897101    51    97.28470058971484
8591.571751   50.99425585053044    51    97.2844144625656
8591.77216   50.994538119472296    51    97.28386087242066
8593.727821   50.99729259836836    51    97.27845906816765
8595.333183   50.99955369359374    51    97.2740252739456
8595.547398   50.99985540779509    51    97.2734336706179
8686.697808   51.12823751528378    51    97.02233471295726
8761.046376   51.23295482646873    51    96.8184529256368
8799.748457   51.28746532974543    51    96.71265193668299
8799.888072   51.28766197250257    51    96.71227067426925
8960.720295   51.51418843289731    52    98.21621376957934
9047.640024   51.636611776811684    51    96.04028116040243
9081.862127   51.68481239056465    51    95.9481721613976
9120.593406   51.739364018184894    52    97.77689809840119
9501.669814   52.276096572358355    52    96.74499945113644
9548.913599   52.342637761630485    53    98.52903305819386
9569.313689   52.37137056214294    53    98.47348047186814
9927.935818   52.876477063727506    54    99.39795687251558
10474.211338   53.64588668598897    55    99.79732003647787
10765.377045   54.05598321866603    55    99.01951887404915
10885.182926   54.224725536910334    56    100.54707076203688
10951.704626   54.31841898315737    56    100.36893432673207
11029.436463   54.42790150828289    57    101.99884859424536
11043.056479   54.44708481594009    58    103.79859627657767
11043.337809   54.44748105922962    58    103.79782103422727
11184.880516   54.64683892305396    58    103.40920695792472
11184.981152   54.64698066527727    58    103.40893166438642
11185.199917   54.64728878799164    58    103.40833322948113
11185.361447   54.6475162972461    58    103.40789136609907
11185.465262   54.64766251697773    58    103.40760738335099
11208.433641   54.68001266111443    59    105.17363724163388
11208.943952   54.68073141599062    59    105.17221893578414
11415.071279   54.971054417842936    59    104.60236300201947
11417.805553   54.97490554543053    59    104.59484432620829
11675.124414   55.33733000047981    59    103.89195521817977
11677.639727   55.34087272929401    58    102.07814714898217
11707.021601   55.38225605281485    59    103.80546610853482
11718.671959   55.398665167299775    58    101.96881353465885
11732.960872   55.41879059256843    59    103.73523525198593
11927.846306   55.693279788346786    58    101.4149787935755
11995.201187   55.78814674037069    57    99.44539162710383
12031.953967   55.8399117225849    57    99.35067542681989
12038.948234   55.8497628986553    57    99.33267027116506
12211.53657   56.09284742568754    57    98.89038410964908
12225.199187   56.11209073533662    56    97.07338797632816
12293.148279   56.207794612399844    57    98.68257280438364
12403.753273   56.36357780886044    56    96.62809208273517
12440.670614   56.4155745693847    56    96.53651922964069
12440.772478   56.4157180412023    56    96.53626679119843
12441.087102   56.416161177905536    56    96.53548710095825
12579.504715   56.61111745808566    56    96.19364936940023
12580.61501   56.61268126906615    56    96.19091689039732
12580.740238   56.61285764824598    56    96.19060870891184
12580.89914   56.613081456055994    56    96.19021765971965
12647.441552   56.70680407441767    57    97.79018850825835
12651.151986   56.71203008861352    57    97.78092586206962
12703.891587   56.786311939068085    57    97.64945221446676
12724.457797   56.815278713686595    57    97.59827623179795
12730.52268   56.82382088547949    57    97.58319462607815
12732.811427   56.827044504148546    57    97.57750435422133
12777.864882   56.89050069159243    57    97.46562395548897
12778.237368   56.89102532486275    57    97.4647000082602
12806.224274   56.930443885617095    57    97.39532751745595
12852.403111   56.99548513354386    57    97.28107160147425
12911.089863   57.07814333446063    57    97.13624427561513
12919.104159   57.08943118506402    56    95.3648614191386
12948.705207   57.13112320736117    56    95.29327798818946
12969.955742   57.161053829379895    56    95.24195277285773
12993.639107   57.19441100584376    56    95.1848149760104
13006.241927   57.2121616291476    56    95.15443694047063
13038.939562   57.25821508399433    56    95.07570987196752
13061.54037   57.29004751746322    56    95.02136721368457
13069.68077   57.30151298106125    56    95.00180876633918
13084.296953   57.32209935447395    56    94.96671098237911
13092.837821   57.33412886299314    56    94.94621349605569
13112.838424   57.36229900028802    56    94.89824708515059
13173.473031   57.44770068562775    56    94.75311772906275
13174.002701   57.44844670696626    56    94.75185186131428
13388.238498   57.75019020014833    56    94.24252775585992
13391.784813   57.75518505857539    56    94.23414152504131
13393.368019   57.75741494786354    56    94.23039807017551
13394.889456   57.75955783771418    56    94.2268009390637
13410.036822   57.78089236347202    56    94.19100259682034
13411.234377   57.78257907705601    56    94.18817349744722
13412.6554   57.784580537362444    56    94.18481669238761
13426.200491   57.80365831582451    56    94.15283153161329
13568.050782   58.00344940076272    56    93.81913246973801
13568.262126   58.00374707126278    56    93.81863700362959
13590.834227   58.03553907194415    56    93.76574916571622
13636.930399   58.10046388916133    56    93.65792275721303
13642.146345   58.10781036341227    56    93.64573699000427
13649.046739   58.11752932270408    56    93.62962066057311
13655.113518   58.12607416494547    56    93.61545574661272
13763.00267   58.27803219463428    57    95.08015882343668
13910.208709   58.48536665996342    58    96.44325596559759
13942.80581   58.5312785162502    58    96.36546706774146
13953.904551   58.54691069782844    58    96.33900915437738
14059.21159   58.695231913281155    58    96.0886724892414
14059.500076   58.69563823554192    58    96.08798843591751
14081.530044   58.72666666119298    58    96.03577929419168
14086.116912   58.73312710147638    58    96.02491574751423
14115.880482   58.77504803022467    59    97.65588394717543
14116.360582   58.775724233982885    59    97.65472906252306
14118.457985   58.77867835143988    59    97.64968405329647
14191.395498   58.881408241891535    59    97.47455797124258
14324.297891   59.06859653104601    59    97.15701986806444
14341.173556   59.092365304417115    59    97.11684349248034
14351.134431   59.106394842242906    59    97.0931445191954
14353.092449   59.10915264088956    59    97.08848731412536
14362.023173   59.1217312477057    59    97.06725082706993
